%YAML:1.0
---
mtx: !!opencv-matrix
   rows: 3
   cols: 3
   dt: d
   data: [ 5.7269472206451098e+02, 0., 3.3544085817078127e+02, 0.,
       5.7284194162917186e+02, 2.2577604270312915e+02, 0., 0., 1. ]
dist: !!opencv-matrix
   rows: 1
   cols: 5
   dt: d
   data: [ -4.9314177690257632e-01, 3.3045013273832846e-01,
       5.5942197328873752e-04, -1.3253583905541517e-03,
       -1.4452708770209968e-01 ]
