%YAML:1.0
---
hand2cam: !!opencv-matrix
   rows: 4
   cols: 4
   dt: f
   data: [ -8.71127564e-03, -9.99271274e-01, -1.47186394e-03,
       3.79781990e+01, 9.98735309e-01, -1.53099801e-02, 5.11481951e-04,
       3.27433914e-01, -2.02009192e-04, -2.20163236e-03, 9.98337865e-01,
       1.54711208e+01, 0., 0., 0., 1. ]
