%YAML:1.0
---
hvec: !!opencv-matrix
   rows: 8
   cols: 4
   dt: "4d"
   data: [ 9.6873795796929540e-01, 5.7560666434310147e-02,
       -2.4131626233869491e-01, -8.3575491517108958e+01,
       -7.5705960931071903e-02, 9.9490346226039494e-01,
       -6.6601113067139908e-02, -4.2016547078363089e+01,
       2.3625278044709391e-01, 8.2788105799788778e-02,
       9.6815843397095924e-01, 1.2422210019660409e+02, 0., 0., 0., 1.,
       9.9652428383566205e-01, 5.5446433284582951e-02,
       6.2169484168997508e-02, -2.7074986917211934e+01,
       -6.7324280771491413e-02, 9.7558021153789776e-01,
       2.0907102160335814e-01, 1.5376214254443097e+01,
       -4.9059076065722351e-02, -2.1252986588168907e-01,
       9.7592226286927630e-01, 1.5154013788540266e+02, 0., 0., 0., 1.,
       9.6015273251847999e-01, 4.8022049586800675e-02,
       2.7531911119785907e-01, 2.1016345860943211e+01,
       -2.8058638006761085e-02, 9.9671312667909551e-01,
       -7.5997736405676961e-02, -4.3660299986516378e+01,
       -2.7806373922268574e-01, 6.5244354997685980e-02,
       9.5834426542367024e-01, 1.3410149568204912e+02, 0., 0., 0., 1.,
       9.6959114288086512e-01, 6.4287582889798509e-02,
       -2.3613581332183614e-01, -8.4288884717245494e+01,
       -5.6647350363301999e-02, 9.9763202286950792e-01,
       3.9005443749698075e-02, -2.4001338894523691e+01,
       2.3808421481441200e-01, -2.4442864633279736e-02,
       9.7093689446056386e-01, 1.3147547247462262e+02, 0., 0., 0., 1.,
       9.5657159512576806e-01, 3.0898745477082754e-02,
       2.8985522408003306e-01, 1.9612407166213750e+01,
       -1.0778952681898600e-01, 9.6137966244819983e-01,
       2.5324012821652964e-01, 1.5502536348792976e+01,
       -2.7083611521856310e-01, -2.7348567084753772e-01,
       9.2295903838382198e-01, 1.5134712202044363e+02, 0., 0., 0., 1.,
       9.9693600906065760e-01, 5.1894166957449632e-02,
       5.8528533844619146e-02, -2.1944931917936795e+01,
       -4.7294080815409013e-02, 9.9587655838679168e-01,
       -7.7415440162182880e-02, -4.4105614455715070e+01,
       -6.2304604629464966e-02, 7.4410186745305917e-02,
       9.9527948856112503e-01, 1.3630698559075435e+02, 0., 0., 0., 1.,
       9.6951245954237386e-01, 6.2586686907717806e-02,
       -2.3691453609690627e-01, -8.5997776840426525e+01,
       -7.4878255016146526e-03, 9.7394755604858196e-01,
       2.2664970888190350e-01, 1.3933521914744029e+01,
       2.4492758779148249e-01, -2.1796574200756763e-01,
       9.4472292872023389e-01, 1.3918010588086793e+02, 0., 0., 0., 1.,
       9.6899086382983468e-01, 4.3112437126479129e-02,
       2.4330643965856374e-01, 1.8882879888199902e+01,
       -5.0278814237570794e-02, 9.9846296308085969e-01,
       2.3318494690990059e-02, -2.6001694440259861e+01,
       -2.4192715154189448e-01, -3.4828567596231506e-02,
       9.6966913131542976e-01, 1.4048688545966783e+02, 0., 0., 0., 1. ]
