%YAML:1.0
---
hand2cam: !!opencv-matrix
   rows: 4
   cols: 4
   dt: f
   data: [ -1.10253301e-02, -9.95488405e-01, -1.62310444e-03,
       4.50369606e+01, 9.92615938e-01, -1.25525221e-02, 4.00157121e-04,
       1.01332888e-01, -3.30878975e-04, -1.92293792e-03, 9.91178215e-01,
       3.51312981e+01, 0., 0., 0., 1. ]
